00
250|244
424|695
294|250
401|250
250|401
250.01|278
459|787
591|401
413|250
250|402
599|780
198|250.82
493|250
599|276
794|288
403|250.02
284|789
682|272
805|250.01
569|401
303|276
486|496
790|536
414|401
V45|401
402|428
V45|250
785|780
413|492
427|285
584|599
197|198
427|593
425|250
396|397
305|401
204|518
426|401
599|?
250.01|?
428|428
276|250
250|?
515|427
466|250
599|428
785|250
295|493
250|598
414|250
733|250
584|428
198|427
272|402
576|250
535|535
584|996
250|272
428|285
397|394
250|305
411|440
198|198
786|305
427|250.01
250|414
518|250
873|E888
250.82|401
428|401
250|790
411|577
250.03|599
428|250.02
428|415
250.02|280
428|425
427|401
414|428
403|578
599|303
486|995
729|250
428|414
250.82|799
V58|?
711|716
574|276
465|344
780|998
625|618
560|250
707|707
422|425
276|728
428|518
519|599
808|8
413|332
584|427
785|996
786|250
250.03|V15
585|403
465|401
553|560
427|427
486|780
198|196
428|250
272|401
427|394
296|401
276|564
440|403
250.82|287
428|780
305|305
253|424
276|276
707|138
599|788
135|599
493|250.01
724|250
411|414
276|250.92
427|276
511|276
427|428
285|571
428|250.8
357|250.51
428|584
276|584
295|425
403|250.4
276|784
514|276
585|588
396|493
481|518
300|401
786|250.7
493|V58
599|427
496|276
203|250
428|340
584|276
608|250
331|294
197|401
135|729
154|292
196|276
593|250
998|E870
427|250
411|V45
413|428
285|244
V85|698
788|250.6
287|788
493|515
481|995
411|997
427|E881
250.02|276
415|799
250.42|585
518|276
250.01|401
616|707
250.6|357
260|41
E928|250
722|250
427|414
850|780
707|E885
411|272
250.6|337
250.01|496
599|584
276|198
440|682
276|349
428|496
493|250.8
584|403
285|401
578|155
276|558
511|425
425|V45
440|440
787|285
427|599
425|493
425|250.01
730|681
786|427
997|997
340|492
250.02|648
486|427
428|786
648|642
431|162
562|305
427|584
715|250
276|593
496|780
584|578
403|V45
491|112
427|486
486|560
250.4|250.6
411|250
250.92|389
486|428
276|414
425|786
E888|E849
707|42
599|250
600|250
410|428
427|425
154|401
428|427
427|424
112|272
411|401
250.02|287
410|427
276|599
285|286
285|998
250.92|413
585|250.01
780|533
305|791
414|305
204|693
440|707
411|402
592|591
414|411
299|780
250.03|41
276|527
496|250
786|428
414|V45
401|250.4
486|250
577|786
496|327
411|250.01
427|726
285|250
403|585
428|E888
401|244
427|780
424|599
599|401
276|427
591|250
707|401
250|319
585|710
799|466
707|357
585|V42
250.7|682
496|278
427|707
280|584
442|V45
250.6|413
599|V10
496|444
682|287
403|496
585|V45
403|275
414|414
515|280
496|440
585|682
473|780
571|572
786|401
571|789
440|V58
285|276
493|427
707|250.8
486|416
V43|285
250|V15
440|276
427|403
411|786
411|998
403|996
38|995
276|250.8
599|244
428|287
250.6|428
493|305
456|276
728|276
401|272
304|303
276|571
V42|V42
276|403
599|562
428|491
682|V49
250.01|287
V64|250
156|197
496|599
585|278
250.02|412
723|780
250.83|250.6
707|493
486|157
416|401
250|V12
996|707
552|401
E880|250
426|414
242|435
280|250
V18|?
710|414
433|250.6
996|998
599|250.02
424|276
532|250
486|585
997|788
250.01|428
473|250
648|V27
998|276
285|621
585|578
?|276
250.01|786
411|426
427|682
414|V15
780|719
378|493
244|250
812|414
736|V43
601|601
579|250
285|246
435|427
585|719
883|585
573|250
272|250
411|562
196|574
434|428
414|272
780|591
707|788
428|277
250.01|70
250.11|38
496|250.02
438|427
453|250
524|473
789|428
263|428
411|276
V15|V61
305|272
780|493
998|568
403|413
496|250.01
253|786
305|V12
733|272
250.02|E932
401|414
493|295
427|402
70|250.4
V85|428
785|401
507|428
433|401
250.03|496
486|276
426|276
428|38
496|296
411|427
427|396
682|790
263|403
807|921
276|707
428|571
153|197
780|403
996|396
496|905
569|792
295|342
305|250
278|244
276|250.02
38|482
456|250
295|401
250.92|41
682|496
785|276
250.8|273
780|401
413|401
584|707
599|8
250|780
424|564
599|790
250.92|V45
276|491
428|402
440|292
288|287
250|733
440|425
250.6|250.52
425|428
790|41
428|593
682|440
250.4|403
250.01|272
401|413
574|535
682|304
276|250.6
492|562
784|781
250.11|253
599|756
41|41
276|585
162|512
250.9|414
411|424
707|585
198|560
438|250
401|530
560|518
276|401
283|250
428|715
E918|250
94|782
411|403
574|403
E878|453
730|682
996|250
860|807
518|401
356|401
788|250.82
785|567
785|428
401|995
250.6|780
303|685
250.02|401
280|530
250.02|780
780|303
599|287
428|585
491|428
723|250
276|250.41
745|401
493|414
250.13|584
682|135
342|368
493|250.02
414|496
787|250
707|730
250|493
403|427
276|536
424|250.02
425|305
428|250.01
425|427
250.6|250.51
428|396
250.02|585
288|205
250.02|218
496|218
303|571
511|250.8
276|272
196|170
424|424
428|424
285|403
403|285
584|425
585|E947
428|413
786|285
518|424
278|250
276|396
427|625
599|41
493|276
707|344
8|E931
413|496
728|41
280|787
599|794
403|466
458|250
780|458
707|785
403|250
403|250.6
707|V10
204|428
V45|496
584|202
682|599
342|250
414|427
785|707
428|411
786|272
562|250
411|496
250|433
?|?
285|414
153|250
496|427
496|425
250.6|414
250|V18
535|41
571|250.02
276|790
8|401
70|309
599|278
780|812
996|444
250.02|V45
250.02|244
456|573
444|996
398|427
786|786
787|E935
492|250
496|428
711|998
424|250
276|8
427|781
155|286
593|427
707|276
250.6|V12
250.02|242
250.4|585
437|401
V10|401
411|780
301|427
682|585
585|285
486|250.6
603|428
285|250.4
427|305
515|E947
731|250.7
218|617
416|424
410|607
496|285
599|560
414|530
V43|250
721|716
780|250.92
425|424
293|250
403|250.1
413|250.8
571|427
511|427
724|V64
788|E879
298|787
424|401
585|425
250.02|414
250.02|487
411|250.82
250|530
493|202
427|V12
648|250.01
780|250
453|424
403|276
425|569
584|511
568|401
427|250.8
820|428
41|780
250.03|577
627|620
362|250
434|518
426|403
250|281
425|401
491|250
428|599
493|425
998|250
151|568
276|290
296|V62
403|511
402|250.02
682|682
300|530
276|583
648|648
285|250.12
278|401
424|290
V45|585
250.02|?
401|536
535|250
707|731
403|203
250.03|401
291|303
536|724
873|250.6
585|38
781|401
414|288
250.81|250.6
E939|E849
428|255
151|197
401|786
250.02|411
427|996
591|250.01
276|704
496|304
461|793
427|518
414|416
682|250
276|789
411|999
298|301
285|E888
250|300
433|250
276|288
492|997
428|403
250.01|V58
401|202
491|401
276|428
250.8|272
162|208
486|402
733|401
515|70
585|250.51
53|250
585|404
786|403
492|414
250.6|493
250.83|707
250|278
335|518
427|V45
362|250.5
682|620
276|578
272|459
411|794
V12|250
295|250
250.6|276
250.02|996
428|263
305|493
303|280
456|285
276|242
250.32|707
250.82|403
438|401
998|285
305|296
428|250.03
344|250
276|202
614|250
E878|428
707|682
599|530
599|599
599|496
585|428
599|571
411|820
599|707
205|250
276|261
263|585
414|562
427|242
707|428
730|731
425|585
486|491
250.51|250.6
496|348
428|410
682|V58
567|305
592|599
440|995
733|578
411|397
998|790
511|401
250.4|581
429|414
427|V42
572|70
250.02|359
493|V46
440|250
70|304
413|427
V58|496
424|404
250.81|V58
V43|428
807|786
276|244
250.02|41
729|401
531|562
427|348
416|285
197|496
401|427
873|920
682|457
440|427
401|278
402|272
799|250.8
997|560
300|250
305|?
414|466
486|38
723|250.6
427|571
250|V10
790|428
453|307
413|425
578|427
V85|278
34|752
250.8|707
591|592
530|280
414|250.02
802|871
584|585
428|719
730|707
250|715
250.02|571
434|507
998|997
585|276
198|287
571|275
519|272
V10|250
518|163
250.4|583
787|455
845|250
682|286
713|707
577|576
428|244
427|411
8|342
280|401
496|511
305|496
427|724
410|451
250.02|493
496|V43
578|250.02
250.83|E888
427|198
584|8
577|401
288|783
276|150
250.02|272
780|V15
493|397
604|250
276|530
998|401
707|250.02
250.01|653
276|V43
491|424
571|287
799|401
496|438
401|717
578|491
599|996
493|411
412|V45
780|427
276|780
250.01|427
251|250.01
250.02|428
599|492
584|496
530|272
292|276
428|276
276|?
250|785
250.01|780
788|250.92
518|403
620|218
289|458
278|736
250.02|427
401|250.5
707|440
428|707
496|535
560|280
250.03|582
250.81|276
250.02|V10
995|276
276|332
998|250.02
493|998
427|517
786|414
433|342
414|593
780|300
530|553
427|786
250.92|401
403|332
278|715
202|401
493|428
V58|522
728|250.42
753|250
250|427
707|41
584|305
304|493
285|599
780|294
250|593
250.52|362
682|401
255|401
515|250
584|41
786|250.02
599|250.6
196|153
250.02|397
288|799
197|162
403|300
784|250.6
518|491
681|682
414|278
427|317
496|414
250|280
996|413
723|721
444|427
403|437
707|427
428|492
682|707
250.01|788
410|578
250.01|311
459|707
780|496
42|250.4
571|70
276|303
440|496
427|491
396|724
413|153
518|410
593|585
425|414
365|401
491|286
455|244
263|250.6
788|250
516|250.02
250|365
515|428
414|996
250.01|414
410|425
590|780
250.02|278
518|493
715|719
414|E879
198|250
453|V10
250.03|414
473|477
403|486
V49|401
244|?
493|338
617|218
453|250.02
250.01|599
496|424
250.5|362
599|414
620|250
648|250.03
707|438
707|250.6
282|244
599|263
V45|285
162|496
823|276
276|E942
250|564
998|153
277|486
574|560
365|250
413|276
731|730
567|250
250.13|530
560|250.02
250.6|599
250|788
276|426
250|V58
250.6|729
V58|294
410|584
799|250.02
707|596
197|512
427|250.02
403|428
410|491
277|278
250.02|599
250.92|585
787|414
496|401
707|996
276|122
162|198
276|287
V15|?
V42|V45
V58|311
250.6|250.53
197|285
593|250.01
411|493
V54|250
41|591
295|285
429|250
496|287
285|402
403|584
197|427
276|300
722|401
276|344
8|511
428|426
584|518
486|401
196|174
250|E816
311|907
997|427
923|E885
591|593
276|112
787|311
135|250.01
707|250.01
424|999
38|599
272|276
620|575
344|414
272|272
250.81|707
287|250
250.12|599
411|250.02
648|282
780|V62
250.82|276
451|250.02
272|780
211|211
486|799
E878|443
295|70
491|486
682|428
427|493
998|414
250.02|701
924|E884
413|414
428|278
599|331
486|V85
112|414
787|493
604|401
518|428
250.01|562
486|282
427|8
535|723
V58|272
788|599
303|291
728|511
250.22|250.6
560|560
276|368
401|555
496|490
250|V45
E927|E849
250.02|584
250|998
410|496
285|428
518|511
427|223
V62|250
486|424
42|402
788|?
599|574
455|536
250.82|414
250.02|786
250.03|786
E942|780
276|577
516|428
V10|692
250.81|427
253|692
585|250
574|789
438|715
780|V49
599|342
682|250.02
584|285
998|724
272|V45
413|443
250.82|263
E849|401
784|401
295|304
402|250.52
648|250.92
787|272
304|250
250|440
584|331
707|424
401|V45
492|427
599|616
41|250
204|401
584|424
276|41
530|401
411|428
276|458
276|285
285|560
V17|458
496|997
805|276
426|427
250|783
250.01|V23
710|710
571|276
996|427
585|496
584|486
196|250
566|250
238|238
438|438
733|174
486|518
585|272
781|781
V45|413
250.42|250.52
724|789
250.01|309
427|368
E980|962
491|250.02
401|V15
312|462
287|574
496|611
428|784
410|250.01
648|250
199|332
564|535
344|707
250|574
401|285
250.01|305
788|V45
585|250.6
V85|401
496|585
850|920
437|250
283|401
276|250.42
496|250.8
174|250
558|401
357|276
427|710
511|466
424|413
278|V18
999|567
596|585
585|424
584|580
788|997
560|780
427|E930
E885|E849
198|428
599|305
428|511
303|250.01
295|311
785|E935
401|593
276|738
493|401
386|414
411|585
427|568
969|780
780|787
491|487
787|401
V65|?
730|785
303|E888
730|250.6
585|458
428|204
711|996
427|785
564|V10
574|576
584|790
112|491
682|41
437|312
70|70
276|263
514|414
599|787
453|250.83
287|288
428|486
823|250
287|276
425|276
41|401
462|305
285|250.01
535|578
428|V15
453|518
276|783
202|584
496|V12
780|251
E849|331
413|440
250|E882
250.02|342
414|412
41|428
584|250.8
440|730
250.02|724
428|348
276|794
724|719
428|682
815|E888
413|250.02
486|707
38|403
883|41
682|276
496|453
250|428
727|250
284|41
585|799
427|511
403|41
8|250
701|V18
276|425
415|518
250|724
414|443
70|707
311|250
276|493
959|E885
571|303
780|599
511|780
997|E878
707|V54
599|262
276|282
197|250
725|250
250.42|276
410|682
162|427
V85|530
865|V85
305|424
465|285
250.41|403
112|276
276|515
496|250.92
518|438
401|250.83
998|V09
211|530
493|135
427|784
404|585
434|250.4
204|276
584|250.6
250|784
250.01|E933
250.02|787
38|731
424|428
250.82|41
428|272
250|311
997|250.01
535|537
786|585
780|807
284|203
401|250.6
428|293
5|250
780|402
412|401
E888|250.92
892|250
799|599
427|496
401|?
276|250.5
573|410
511|515
276|305
511|933
414|250.5
496|788
413|250.6
571|414
566|682
287|780
787|783
E879|233
786|486
242|401
493|442
444|823
285|E880
999|682
959|?
356|250.43
250|696
426|250
560|569
428|289
411|584
262|997
707|681
280|593
401|311
250.13|996
493|263
401|459
345|428
585|511
532|285
411|599
285|338
342|784
278|272
491|255
162|997
V15|401
403|599
575|553
428|560
188|250
515|401
574|424
414|424
?|250
305|250.12
585|250.4
786|493
287|V43
250.22|286
276|345
518|8
599|294
285|593
276|518
511|198
599|250.8
722|780
842|807
401|464
486|511
285|788
E947|250
278|278
42|276
682|427
415|453
V58|250
250.51|250.41
796|?
998|427
942|943
427|V85
401|496
252|241
576|575
518|285
600|599
577|291
424|41
486|788
682|250.6
250|V43
736|244
287|401
780|V12
410|585
998|E878
357|250
730|V09
780|41
788|428
403|518
425|515
303|780
250|333
785|444
585|287
518|250.01
427|578
438|276
250.82|707
188|276
250.92|?
493|250.6
585|707
710|401
788|596
295|250.02
V85|V45
276|453
996|428
301|250
425|70
723|729
780|296
112|428
492|493
285|529
577|296
491|427
V58|457
250.41|250.6
41|414
518|317
496|443
255|287
196|733
466|569
490|599
707|924
486|V42
996|738
276|997
V15|250
250.01|412
250.01|883
V43|599
340|41
428|404
354|493
396|250
481|250.02
788|403
198|41
682|250.01
250.01|997
998|?
722|721
250.33|276
276|V10
396|401
512|427
296|250
285|V85
285|425
V15|724
250.02|521
781|250
401|305
250.02|496
491|70
414|402
493|162
496|996
250.4|414
276|438
250.11|250.51
496|441
496|584
428|397
574|250
528|250
155|458
496|786
428|V58
599|V42
496|357
307|438
425|465
250.8|681
599|250.52
250.22|276
411|560
722|564
862|338
189|198
492|600
496|295
V42|250
427|433
577|575
753|573
309|250
466|79
427|V15
682|425
309|V15
530|250
403|515
202|496
805|584
536|535
434|424
295|244
682|995
312|312
287|413
250.7|443
276|295
E944|458
324|285
710|585
285|562
413|403
250.53|250.6
682|357
566|401
276|V15
575|428
599|288
V49|250
486|584
785|443
V54|599
357|730
E853|965
276|787
250|714
403|780
584|250.92
285|996
V12|244
403|707
282|780
?|780
V14|V14
250.01|199
403|799
332|250
584|401
8|276
355|924
280|496
577|284
305|304
402|V45
686|401
486|682
820|913
492|438
250|268
599|162
423|428
250|346
V58|414
250|501
491|518
805|802
427|192
427|413
567|427
578|578
198|276
515|115
454|250
794|723
250.02|998
453|428
250.81|731
507|784
250|274
428|378
250.02|285
250|296
285|E878
94|250
174|196
428|112
276|729
585|250.02
427|434
584|250
659|250
496|560
293|596
427|174
496|726
730|263
410|414
562|788
186|401
434|305
710|204
196|455
411|305
250.8|401
413|998
250.5|401
276|543
250|659
486|425
560|401
272|414
202|199
250.92|276
530|276
424|414
250|285
491|250.6
250.92|496
496|781
250.51|401
295|305
E885|250
780|781
496|241
70|282
507|276
585|397
780|414
707|560
312|301
427|V58
424|425
997|250.02
581|403
410|535
411|518
70|386
288|577
511|428
250.41|428
795|530
496|530
518|414
250|599
250.01|617
41|250.01
580|403
496|784
401|V58
411|202
486|112
584|507
995|599
424|285
440|715
599|486
E944|250
425|53
305|276
512|V15
427|585
571|456
112|401
396|287
558|333
112|?
276|560
794|250
425|438
575|250.02
250.8|344
250.13|577
786|V45
784|250
250.03|427
250.01|737
578|203
250.01|433
576|599
272|311
599|404
428|296
V12|272
162|788
312|250
788|530
424|397
V58|466
428|416
433|250.02
788|414
250.92|707
518|682
648|670
496|591
789|250.8
V43|716
403|250.42
440|401
585|444
590|276
197|197
585|998
250|V62
566|995
722|998
250.41|785
999|790
710|402
427|426
411|412
599|153
V85|707
34|918
54|250
478|305
285|997
157|401
558|250
411|959
682|278
599|821
331|250.92
286|250
558|211
416|403
731|785
287|414
276|404
V85|41
648|659
599|596
424|518
V17|250
553|250
599|413
578|204
250.02|519
496|716
799|518
607|735
410|411
576|153
E878|780
41|E878
424|225
584|250.02
843|727
285|456
285|535
600|724
626|625
438|599
486|250.02
780|780
518|292
42|287
780|788
250.02|403
285|496
492|780
V42|250.51
340|276
493|786
873|599
250.02|295
707|250
401|440
250.8|V10
721|250
319|401
250.12|458
584|250.42
557|250.01
E928|185
433|272
425|780
518|482
112|569
486|458
491|799
427|250.6
250.02|V15
531|537
285|625
203|198
135|515
276|278
423|998
287|459
196|211
401|412
493|535
428|727
428|997
288|204
491|453
490|278
250.11|244
344|518
428|729
157|197
599|403
453|401
486|722
205|?
278|305
491|V15
424|305
599|620
276|250.4
593|401
595|41
560|788
411|204
780|276
567|569
276|786
491|584
428|290
250.11|276
682|403
584|V85
411|486
780|272
263|493
386|733
198|401
288|276
599|998
585|401
780|459
648|401
515|710
276|E849
553|530
V63|593
294|244
707|790
425|250.92
909|E879
402|414
716|250
337|536
410|250.02
V42|402
780|327
292|496
197|276
785|414
401|433
285|530
780|349
411|287
989|250
682|414
250.02|V58
850|276
276|486
493|599
784|250.4
211|562
276|507
710|493
780|786
585|414
577|278
428|250.1
38|263
507|253
276|715
294|428
790|518
276|250.82
250.02|305
585|427
397|250
496|305
782|414
682|250.92
292|780
507|250.01
331|250.6
790|599
410|784
42|585
788|272
780|784
599|292
276|382
250|492
410|780
585|581
205|284
425|518
997|496
272|?
414|426
250.01|493
V42|70
425|584
349|250.02
411|578
584|716
427|318
570|196
491|285
518|584
250.93|789
295|787
305|250.01
368|438
496|782
293|294
250.92|414
425|250.02
682|584
250.82|255
250.01|E879
287|530
813|276
296|304
730|8
787|112
272|274
285|478
424|402
403|250.01
204|337
493|291
70|906
410|518
490|784
244|250.4
276|424
867|E879
496|342
741|276
572|571
425|41
E849|716
305|300
496|426
273|414
293|780
933|787
205|427
746|401
998|584
750|411
530|535
285|E885
250.6|416
250.01|584
996|41
427|296
250.7|707
608|493
250.13|787
276|682
852|250
593|V15
715|V43
493|112
496|255
403|282
200|284
38|491
415|202
202|276
276|253
780|722
V46|250.02
V43|401
821|496
286|250.02
428|250.6
438|781
413|426
296|411
729|272
70|490
592|410
250|276
425|558
413|794
53|425
729|710
276|331
428|V45
724|V45
518|250.53
648|646
427|288
244|401
428|E880
730|250.8
599|411
453|682
730|599
411|V43
805|876
682|404
276|311
V85|780
595|428
38|250
718|715
276|V58
41|599
496|244
496|518
287|197
413|789
434|342
599|435
424|707
250.01|295
V15|V15
584|444
250.02|784
276|275
427|558
491|250.01
873|250
507|491
305|789
428|785
250.92|272
593|591
578|276
518|416
599|410
997|403
250|443
681|917
427|41
250.02|707
429|276
707|735
444|414
250.6|E812
E816|250
599|438
518|496
789|250
711|682
716|726
780|512
596|V10
426|812
569|250
285|553
813|401
482|518
E932|250
427|311
V85|791
707|242
413|424
496|564
414|403
413|304
591|V10
V85|250
996|584
427|112
733|905
428|799
799|424
296|786
799|786
707|726
707|285
575|276
438|997
157|427
453|E878
404|250.01
599|425
535|401
584|453
250|205
305|V58
599|995
634|250.02
429|512
507|518
198|486
746|424
574|496
250.6|V15
8|785
250.03|?
285|280
682|250.51
305|413
560|536
496|458
331|710
574|401
724|496
250|413
578|403
569|276
413|493
272|428
496|924
242|427
250.01|41
162|786
38|574
280|414
312|250.02
250.4|285
427|728
599|198
250.6|496
198|197
287|496
427|458
V62|301
444|707
591|285
70|305
997|438
578|530
584|575
999|285
300|E950
785|8
V58|345
295|496
357|401
785|427
733|428
530|?
451|250
491|V10
255|250.8
250|716
453|276
456|53
V85|386
459|443
250.01|642
590|250.02
780|295
786|294
250.23|250.6
413|518
599|V58
584|590
490|250
349|293
410|599
285|E935
493|492
648|644
250.6|945
403|581
998|998
715|782
301|V62
214|250
416|397
294|414
250.01|793
486|493
507|788
796|428
782|250
724|401
787|?
403|E888
995|584
443|250
562|716
250.52|250.42
414|440
250.01|383
410|276
491|276
428|493
250.02|294
286|428
599|285
354|250
E944|386
263|250
411|492
717|250
252|530
331|343
428|305
410|V15
250|E881
590|591
652|648
703|285
250.11|590
486|250.01
425|250.7
568|250
427|604
518|519
154|197
569|564
599|295
536|337
789|511
250.4|593
493|403
401|296
531|E878
591|585
197|562
486|599
496|V57
524|525
276|250.03
411|250.4
578|305
599|516
425|V15
402|396
481|427
567|584
427|789
197|428
250.01|V15
250.92|729
496|284
627|V18
250.43|250.6
707|263
70|250.03
402|287
189|196
250.01|276
205|682
428|999
437|250.02
203|276
276|191
433|784
415|496
V10|780
577|V15
997|518
398|397
276|785
403|435
584|404
204|486
682|998
729|784
41|V09
424|780
599|V62
250.6|425
278|287
274|250
424|250.01
786|789
707|8
403|280
38|785
V85|571
781|729
250|362
250.02|722
250.02|38
447|401
E878|738
250.02|805
403|412
250|665
70|250
162|401
340|443
584|242
250|412
V58|E932
425|303
305|571
518|486
70|567
682|711
786|E944
575|568
486|94
682|250.03
794|272
593|403
404|389
416|787
157|518
585|784
285|250.6
196|584
493|455
427|998
416|414
8|424
456|8
465|250
250.93|401
413|250.01
967|E950
820|599
276|250.7
250.8|428
780|?
707|780
412|414
343|250
680|288
456|70
428|356
493|601
280|428
998|425
403|536
428|342
250.6|280
496|413
496|349
38|276
342|401
281|890
202|250.02
592|250
459|250
707|457
276|319
788|185
958|428
135|571
428|412
414|276
576|530
733|276
444|250
276|496
453|599
995|250.8
518|251
599|823
196|427
413|466
860|585
998|403
428|573
427|280
535|276
496|162
493|486
285|E879
518|V85
577|438
530|300
410|250
707|458
291|311
425|V12
416|396
V65|250
E935|41
285|41
154|276
38|585
785|731
E884|E849
435|401
996|507
590|250
617|614
535|285
112|620
424|427
E944|496
511|496
585|599
280|211
162|263
492|426
920|910
996|599
427|211
V45|V58
425|593
285|812
218|250
401|416
331|414
782|412
518|348
723|782
424|266
304|780
451|426
425|255
496|272
584|V58
496|681
851|427
284|E933
428|490
401|V12
428|280
V58|250.6
425|599
780|298
252|783
403|311
V62|402
511|V09
646|648
295|578
618|272
135|250
250.02|70
41|709
790|288
599|782
446|287
781|278
135|517
998|569
511|420
E934|724
404|276
518|250.92
788|V43
747|428
728|275
585|729
693|785
427|250.03
285|250.92
410|287
162|518
280|287
997|411
453|444
788|724
569|558
427|997
438|733
V57|427
309|300
38|427
599|457
724|727
791|250
716|414
507|496
250|877
784|?
276|204
491|402
276|402
870|802
482|599
784|272
424|V45
250.83|496
438|V08
276|694
250.02|608
401|553
287|578
250.02|486
434|427
250.4|276
599|255
599|280
496|8
342|428
496|358
591|276
162|511
707|162
428|466
250.81|646
414|425
626|300
411|429
155|E947
491|570
348|780
V42|787
305|301
285|892
780|287
614|621
427|277
404|428
493|250.2
518|997
E935|250.02
250.5|276
250|477
428|V85
250.42|593
94|276
496|250.6
569|567
250.02|491
642|648
337|414
707|443
787|780
440|585
730|403
292|250.01
250.02|788
V43|693
250.02|682
250.52|428
596|596
585|584
304|296
38|601
574|427
250.02|625
250|259
162|197
38|421
569|560
162|357
585|447
416|585
592|496
466|285
250.81|730
425|250.8
491|810
427|?
425|416
414|413
496|70
599|515
250.82|731
155|275
403|292
250.02|785
996|996
427|530
280|456
428|790
707|741
250.7|250.6
707|E929
569|599
197|495
250|729
575|535
558|?
560|789
197|591
413|244
411|746
70|446
198|263
290|437
458|276
402|427
535|530
584|728
348|V42
998|680
250.02|424
250.92|403
861|866
286|424
276|342
272|530
585|716
38|456
250.12|276
428|788
276|600
250.51|414
424|342
799|276
891|?
496|787
250|664
250.6|250.7
581|486
305|V15
E936|225
723|719
513|250
428|E885
584|785
403|414
332|427
303|250.8
493|294
331|V58
436|781
411|438
425|211
250|327
403|424
491|300
198|250.01
292|250.2
496|396
575|401
280|788
276|E931
426|726
305|790
162|196
304|305
536|272
410|272
491|414
585|518
607|?
E887|300
424|429
621|627
996|E878
411|275
781|780
284|V55
250.02|577
711|274
276|487
410|E935
284|414
789|280
599|703
V62|401
786|496
491|425
E942|250.4
285|584
416|278
202|E885
427|416
427|250.92
427|287
303|535
150|276
276|492
250.01|300
492|799
250.51|250.81
276|317
112|41
585|V43
294|296
349|276
203|427
535|303
250.13|285
840|285
401|250.8
785|599
599|290
V42|250.01
410|402
482|458
398|425
530|562
585|250.8
403|263
415|250
201|401
599|728
196|573
250.02|277
403|189
425|426
486|593
440|428
567|403
572|401
707|713
250.02|824
730|427
486|288
250.5|V58
574|V85
376|360
584|280
571|295
276|291
413|V42
41|532
425|411
250.6|536
411|491
277|414
599|296
420|411
402|244
581|428
568|311
590|263
433|V12
496|289
599|396
512|584
511|682
715|836
574|493
466|305
599|592
E878|401
211|V72
493|733
250.82|427
491|357
780|907
514|425
486|403
682|94
286|283
196|401
250.01|296
424|493
518|507
808|250
250|704
301|915
577|578
434|250.8
250|795
784|368
369|370
348|379
296|290
682|997
295|V15
250|355
562|295
997|444
599|578
250.8|496
682|112
427|292
719|414
482|117
300|311
255|250.4
783|738
787|599
722|305
618|617
150|197
250.13|403
198|162
599|491
198|174
278|250.8
998|8
536|530
571|486
414|686
303|496
250|366
571|584
681|250
401|250.01
426|753
342|427
277|112
428|41
250.02|290
707|496
250.02|729
415|707
591|595
250.8|V58
710|530
491|413
786|553
428|8
304|519
285|493
250.01|511
250.6|285
E812|250
707|250.7
420|428
211|455
285|287
250.02|644
491|787
428|162
710|250
V58|V15
428|465
250.22|491
486|305
486|414
250.03|305
250.12|528
250.02|433
305|681
573|V85
434|599
484|136
416|782
707|197
250.82|E888
530|531
730|250
458|293
8|733
V43|715
496|280
428|458
812|812
799|305
492|276
492|250.4
535|455
496|300
250.03|250.83
785|786
424|416
250.02|518
847|842
401|458
719|786
303|401
425|287
438|729
351|401
250.01|294
112|591
162|428
276|562
276|280
250.01|451
707|250.42
557|568
V64|414
466|401
276|135
288|333
250|558
410|426
710|276
197|157
276|296
250|331
250.6|786
275|276
198|424
786|780
997|428
250.02|429
788|401
560|997
456|571
V12|412
V43|V58
996|E850
998|440
70|714
250.01|530
427|719
680|496
440|241
276|792
553|564
287|V70
280|531
429|729
401|250.02
287|E849
285|V45
492|403
401|276
344|453
794|496
401|599
198|790
38|998
682|V10
511|518
434|486
276|788
V15|278
428|745
250.82|250.6
197|V45
276|70
560|414
276|318
491|577
707|599
286|413
250|535
303|250
403|789
424|349
287|303
348|585
780|593
595|599
276|411
682|458
446|427
276|196
511|423
572|284
599|112
291|496
284|276
427|300
707|807
197|493
738|250
496|416
617|995
344|240
560|496
492|250.01
301|780
276|782
430|272
496|38
552|V64
162|492
518|287
250.42|250.6
785|285
285|518
424|250.03
V58|401
491|494
780|437
263|599
218|626
8|496
V62|303
578|443
821|821
648|663
584|250.41
599|507
70|799
250.6|411
263|276
998|V57
564|E947
218|618
491|305
847|847
729|?
490|493
788|276
324|263
E936|E935
584|250.53
285|E881
584|581
319|278
403|250.5
805|250.02
453|496
263|799
285|196
959|E906
493|337
293|458
414|244
805|202
327|250
199|414
560|792
518|250.02
291|401
507|250.02
599|424
290|301
403|272
135|8
590|250.11
250.6|272
276|512
427|278
309|278
250.42|403
996|334
789|569
511|250
599|585
491|135
427|562
276|413
413|402
414|250.6
358|276
425|491
426|426
486|434
261|401
402|997
305|428
E878|V45
682|396
403|V15
413|292
560|410
783|787
511|424
250.02|V64
428|250.92
518|38
496|733
425|301
414|V42
250|515
599|440
411|437
305|414
824|812
648|649
780|873
682|785
790|295
568|427
584|788
V15|742
486|290
496|412
250.41|413
591|403
486|295
590|428
410|E885
444|E879
227|401
780|428
396|515
496|998
V42|250.6
298|295
287|518
349|599
565|250
41|707
428|998
427|459
799|428
410|401
250|246
584|402
291|276
197|453
599|786
584|250.11
250.93|?
294|331
491|840
280|780
682|518
507|995
785|496
425|608
707|250.41
V12|401
276|714
599|566
511|786
599|593
275|250
V42|492
531|427
426|496
780|250.7
198|V10
401|211
473|473
584|E947
250.6|401
543|250
413|272
250.6|250.42
401|290
496|V45
634|244
427|753
287|427
591|995
416|428
401|275
280|427
401|719
719|250
787|E932
813|250
496|E849
758|216
250.02|781
825|917
411|759
459|593
276|V45
41|530
518|599
276|E888
574|428
250.01|255
305|532
202|250.6
873|401
997|250.53
38|518
288|250
493|292
424|426
V42|599
996|403
611|724
998|413
413|412
924|E885
729|433
486|41
276|250.01
784|414
250.6|V42
250|486
721|433
492|812
413|573
250.42|583
427|V10
204|511
E932|435
305|E849
493|410
274|V18
294|311
493|493
V65|425
280|747
784|276
997|599
401|784
303|311
397|434
496|442
253|648
595|788
585|244
785|492
420|511
507|401
780|305
428|721
V08|401
275|712
718|401
94|707
707|403
535|250.02
294|401
491|710
70|571
578|584
965|787
250.82|250.52
79|250.4
790|493
405|785
599|286
293|496
428|996
411|250.8
431|342
276|245
484|515
599|511
155|682
403|447
135|272
428|135
427|342
428|955
518|518
998|580
250|437
424|386
614|285
285|578
162|784
584|250.4
428|327
451|278
682|437
531|250.02
585|492
280|585
411|425
571|250
284|202
496|250.42
70|414
428|295
786|250.4
427|294
491|V45
507|585
427|429
518|780
V63|496
413|V58
424|736
511|250.02
790|250.4
425|38
558|558
E906|E849
805|805
403|304
584|438
486|204
250.01|424
836|715
288|197
427|E934
188|595
155|576
276|920
486|196
414|250.4
578|710
401|788
780|438
403|250.8
584|414
250.52|584
496|V15
135|401
590|250.7
788|625
304|309
242|684
196|493
428|284
250|V27
250.01|244
553|V12
496|682
295|331
E942|250
493|780
882|E906
V42|112
276|917
434|368
276|294
920|E885
864|250.01
402|250.01
250.02|446
453|427
585|250.41
340|427
70|401
707|826
786|250.6
309|E947
682|?
599|493
810|861
42|286
250.7|730
286|496
575|250
515|784
562|276
402|250
682|924
496|707
8|792
416|426
151|446
458|401
280|276
401|493
414|728
567|428
577|250.53
780|250.02
428|V54
578|250
413|585
193|250
428|536
560|V10
40|584
285|737
413|410
585|340
490|401
403|535
428|250.12
440|272
428|250.41
518|427
850|427
276|710
560|995
428|250.7
332|285
413|287
287|287
250|721
433|427
581|599
41|996
427|438
V45|410
722|414
112|V09
276|250.11
V60|287
601|599
342|438
250.51|530
250.02|530
38|250.02
599|348
294|780
537|710
?|703
434|402
428|792
496|596
276|343
284|E849
518|789
41|794
244|276
571|289
478|780
425|403
490|714
250.13|435
574|567
496|922
781|437
424|273
260|359
733|784
426|428
377|428
599|569
782|578
V85|327
E879|272
204|414
601|250
285|211
426|E942
453|780
496|263
250.13|276
396|496
493|V45
428|V10
250.01|V42
496|574
486|277
493|473
427|600
599|79
300|278
E885|250.6
196|162
250.03|304
411|285
162|491
790|250
787|154
304|496
250.82|377
784|496
255|253
999|999
783|788
493|997
909|599
496|250.51
V58|427
?|401
204|403
578|41
560|682
411|729
496|433
584|380
413|250.92
250.6|813
790|707
491|426
411|410
496|802
493|788
250.02|437
426|558
585|V10
577|162
278|789
250.82|428
153|250.8
250|V64
571|V58
250|710
E880|E849
574|285
584|295
924|E816
276|680
424|997
V45|300
596|599
41|465
786|787
540|401
860|E816
250.02|558
415|250.03
250.6|433
585|490
560|276
250.92|V58
486|490
710|428
782|278
820|707
289|250
585|440
250.02|562
413|571
311|V62
211|427
592|998
V42|790
535|571
337|564
276|799
414|458
958|250.01
295|276
294|397
799|711
706|250
250.01|790
805|427
780|250.6
285|707
305|342
411|340
162|287
486|250.03
V85|414
574|273
599|V45
434|250.02
998|496
41|250.9
42|78
480|276
250.01|722
285|511
250.81|785
585|416
238|300
707|402
263|707
438|592
287|211
577|789
424|511
426|584
574|568
486|453
531|285
250.13|V46
496|250.5
V42|276
413|599
996|?
780|571
250.01|794
401|V10
250.02|575
280|507
782|272
571|218
250.03|655
427|453
496|41
493|272
511|799
486|275
785|112
150|427
112|599
440|996
250.01|593
707|729
707|584
486|152
79|250
788|738
250.01|663
340|401
404|584
V72|401
280|578
491|599
428|515
277|117
996|278
425|517
424|496
250.13|575
641|648
V63|585
572|789
211|414
138|E849
564|250
599|E944
414|250.92
276|250.52
799|788
707|204
403|342
458|404
507|E955
250.12|305
250|318
V62|496
728|284
294|530
428|196
707|378
482|510
V12|V58
496|198
250|369
396|250.8
511|438
569|569
486|300
396|427
112|710
211|250
996|V42
786|295
250.01|568
435|493
300|785
427|286
41|250.1
496|202
996|496
453|585
250.01|196
309|493
577|568
70|780
459|401
428|250.51
496|721
280|41
571|425
590|205
536|250.6
584|396
824|250
112|577
285|V12
303|721
491|250.92
250.8|682
840|726
519|787
729|428
808|805
285|V64
V42|41
427|569
396|414
584|780
250.02|301
585|203
719|401
401|714
403|296
682|958
410|785
401|360
493|287
515|496
799|285
V54|V43
278|427
403|998
250.92|183
287|995
V85|682
414|714
381|250
250.02|382
346|401
424|585
518|V45
531|535
443|V45
805|250.92
493|464
250|424
250.32|276
V42|250.8
590|995
437|780
428|924
70|837
997|618
403|70
989|278
293|275
410|403
492|518
291|250.2
736|250
590|70
577|574
345|162
788|493
427|790
482|414
V45|403
402|413
431|593
288|465
965|296
710|616
599|595
820|E888
E947|599
250.81|584
596|401
411|250.6
345|276
196|285
162|780
492|599
562|401
E879|425
272|429
682|E878
427|920
518|560
401|288
250.02|466
304|428
428|569
396|681
780|432
V57|V57
784|478
599|402
998|250.6
786|593
578|787
715|401
453|278
421|425
41|496
682|782
567|599
496|747
286|425
250|459
410|486
585|780
272|412
197|518
572|357
427|999
780|V45
V15|276
250.03|424
518|V46
536|250
462|53
518|515
438|433
42|427
276|581
402|V58
620|616
599|E942
791|682
424|799
571|284
518|492
202|250
8|787
727|425
462|414
V85|425
V58|527
440|250.7
486|272
682|285
427|492
434|443
40|276
V10|493
431|599
552|997
453|486
496|519
428|294
162|799
585|583
427|79
710|437
998|E879
285|357
427|233
599|695
934|787
998|605
285|427
780|799
867|250.6
396|403
799|780
682|780
519|250
196|414
788|250.01
861|808
41|274
153|276
250.01|492
288|787
276|446
922|401
250.12|V58
327|401
781|238
250|787
196|250.02
453|255
250.02|311
434|413
425|337
802|250
577|274
518|250.6
707|710
585|996
486|519
806|272
511|291
788|492
569|V45
198|591
272|250.6
493|445
8|599
784|V45
789|787
280|570
433|599
250.02|V06
410|413
250.13|V15
599|730
781|820
553|278
286|590
311|401
250.22|799
721|722
427|515
719|255
250.13|486
725|401
250.02|997
729|729
997|401
150|413
486|998
250.02|511
V45|427
425|398
571|576
150|V44
250|496
642|250
250.13|730
191|305
486|423
303|346
V42|444
295|530
250|562
790|682
V85|490
250.7|581
342|787
428|157
486|478
250.01|411
V85|719
780|250.03
250.13|570
617|250
250.02|425
998|428
276|991
276|519
285|305
292|304
440|599
585|41
707|414
682|799
250.52|250.7
305|285
599|437
997|553
276|965
627|414
571|518
493|518
413|997
286|401
805|E885
491|527
507|438
496|279
515|300
162|250
574|569
413|396
250.41|250.51
437|290
805|913
719|V43
440|414
802|923
585|V44
596|496
496|V46
515|518
518|478
414|433
272|573
E849|250
250.01|413
198|496
425|413
285|347
425|496
E885|272
342|781
799|414
599|537
584|V45
998|424
204|496
202|585
568|562
785|711
599|558
285|790
780|518
496|789
414|584
342|410
997|432
250|70
250.02|572
560|459
348|253
780|530
998|581
280|218
E888|802
340|263
707|492
412|250
41|714
737|401
794|401
276|781
250.02|535
280|535
285|250.41
250.92|402
403|883
511|585
V12|V45
840|E927
437|573
577|276
535|531
535|280
780|250.8
998|996
562|787
682|535
428|292
790|403
428|250.4
427|443
412|272
472|733
276|250.83
196|496
788|553
790|785
852|276
789|562
42|428
414|185
625|401
577|573
263|250.81
515|486
599|340
250.81|492
616|617
285|758
447|276
286|403
426|786
250.01|404
780|V42
560|707
285|250.02
286|V58
276|595
112|611
721|721
38|780
727|401
515|276
578|577
492|202
319|521
250.51|276
423|414
41|789
401|780
250.81|401
611|413
780|E850
493|466
250.81|V42
737|715
491|780
428|733
799|250
250.02|660
572|456
790|V43
780|574
618|401
286|518
396|428
V85|496
342|278
112|786
493|731
790|412
584|481
396|433
733|726
E879|411
427|303
617|617
250|V13
574|250.02
286|305
410|242
786|303
729|781
V42|401
38|250.01
682|704
683|296
272|250.01
490|414
879|E888
424|296
486|357
401|348
250.02|E885
V85|788
E849|E888
788|511
250.01|435
584|730
427|601
605|?
285|275
646|646
311|530
410|250.4
599|682
413|595
996|250.4
293|799
599|729
573|255
496|402
403|250.41
813|E888
745|786
V10|412
38|332
996|719
707|38
294|272
569|250.92
599|355
277|401
722|585
511|530
250.8|414
424|457
759|401
295|455
424|250.8
303|493
135|719
998|799
70|250.11
428|V12
285|531
496|309
289|E849
402|250.12
924|E888
728|799
425|208
789|278
574|38
511|250.4
278|413
453|250.01
250|41
135|?
997|486
789|782
428|905
569|578
584|682
413|70
401|426
780|V58
38|996
276|995
785|V42
218|625
135|414
453|438
733|427
250.01|V12
571|599
455|455
276|250.51
304|275
560|511
496|332
203|496
451|959
427|386
250|284
584|588
584|368
349|723
493|424
403|593
11|707
998|E888
552|998
461|202
584|535
281|250
348|599
250.23|280
511|403
458|787
714|401
282|250.93
135|786
413|278
710|135
250.6|530
340|493
710|729
440|584
599|250.4
707|694
337|403
250.02|969
440|?
278|627
591|562
V45|593
340|250
441|401
515|783
808|E812
197|263
284|250
518|V42
411|250.5
403|278
482|276
486|438
250.02|203
250.81|428
511|287
599|250.7
428|E849
998|682
427|E878
491|327
414|396
V45|V15
277|41
780|278
492|707
482|428
623|250
959|250
424|250.6
110|403
435|250
574|794
577|341
486|280
293|402
280|789
410|V42
250|V03
596|788
41|276
599|433
780|V10
250.41|682
276|V65
998|571
786|461
411|996
305|427
730|686
496|719
250|725
V58|789
425|285
278|530
250.12|584
428|933
424|486
861|401
79|585
536|345
413|786
958|414
511|571
428|443
458|414
420|555
296|311
823|438
V43|E878
787|V45
440|786
276|298
344|250.02
496|V01
305|42
782|425
401|V17
433|433
790|294
821|E879
567|997
287|786
586|272
V45|428
70|786
515|573
552|702
405|173
413|274
401|715
782|402
453|440
456|789
729|745
403|368
303|300
812|822
571|401
250.02|560
458|428
780|199
401|600
486|786
584|560
435|425
41|250.03
413|490
536|560
721|342
996|411
440|731
486|42
486|396
204|413
V58|440
319|295
599|38
528|E931
428|286
599|879
196|250.01
401|840
537|276
V45|250.4
799|427
441|250
711|427
279|496
E818|278
721|401
250|457
38|250.83
250.6|682
682|736
780|707
516|486
413|V45
250.02|600
996|414
756|250
292|250
511|584
805|511
276|250.1
8|263
411|278
715|414
785|682
70|285
648|660
599|536
584|782
599|436
458|250.8
553|285
599|297
250|719
427|799
873|V45
300|V15
295|345
53|204
537|250.13
491|492
285|272
285|727
466|786
V15|799
444|997
276|724
682|730
711|41
959|924
250|781
733|424
394|401
581|250.52
496|714
435|428
707|404
V42|403
812|802
E968|873
428|710
402|202
250.6|424
289|724
250.41|584
284|401
198|285
507|578
996|401
569|250.02
295|427
401|342
250.03|V58
E878|440
250.01|799
491|E885
493|250.1
280|564
518|466
287|397
466|487
348|438
250.8|250.6
496|730
292|404
211|41
491|416
284|432
608|959
403|425
837|250
465|427
E934|428
789|305
403|250.51
780|250.5
441|V45
786|250.01
434|997
423|V45
424|560
593|E946
784|780
507|263
585|280
V42|493
461|401
493|E885
496|457
780|443
V45|250.6
731|707
410|E878
287|428
780|585
515|416
225|250
403|288
427|162
453|250.9
518|577
682|916
V58|584
287|465
414|429
435|780
550|553
E885|813
426|424
457|250.01
785|681
332|250.8
250|294
197|584
585|426
999|250.01
411|482
272|288
711|280
570|577
433|414
493|686
250.7|428
780|290
250.03|403
162|250.02
572|427
250|592
42|511
518|585
280|558
782|715
428|596
482|38
781|794
404|285
414|252
276|998
707|V58
276|156
368|729
595|276
958|945
519|414
242|785
280|536
440|V49
584|197
788|568
574|518
591|427
244|V45
535|562
397|411
785|403
707|490
414|998
799|278
362|429
276|535
567|571
584|433
591|414
203|288
427|553
250.82|V58
428|433
998|41
799|403
250.6|707
780|535
799|E932
599|E888
840|250
486|411
250.03|646
557|401
826|E880
250.01|425
287|410
584|998
157|276
493|301
486|987
359|250
240|250
242|250
250.02|737
250.01|558
491|786
564|V12
599|E932
250.6|438
494|202
531|?
507|584
292|250.93
571|438
196|263
788|867
250.6|E933
411|112
599|625
996|585
414|332
491|244
560|599
250.01|441
427|714
401|729
486|590
250.82|682
285|453
202|281
197|552
250|490
401|721
711|731
591|287
E888|401
564|250.6
203|599
296|300
558|276
255|300
425|710
807|805
441|584
788|E885
250.4|250.5
V42|V58
573|426
277|250.03
276|E885
682|515
584|799
591|786
701|250
402|789
V08|276
277|276
250.01|342
280|300
?|428
293|784
496|403
296|V85
250.4|404
996|276
403|443
250|533
250|429
648|V58
E934|V10
414|780
560|574
424|710
403|440
398|396
157|198
576|577
707|459
250.43|V15
E939|715
564|?
424|278
682|459
578|396
578|707
299|493
799|496
583|780
845|E885
V45|404
276|203
518|295
518|495
250.02|396
250.8|571
250.92|410
41|493
250.01|403
507|599
785|585
E878|250
486|515
998|578
359|V46
403|721
162|852
E849|715
349|250
203|413
203|486
560|250.92
724|276
517|493
722|426
V42|394
250.51|411
250.01|438
515|205
590|38
560|250.42
252|250
564|272
486|8
V45|412
745|290
138|427
847|924
789|733
197|196
250.02|789
820|812
V45|414
518|250.12
453|872
515|724
422|291
403|453
E888|250
276|284
599|591
456|427
250|553
535|553
626|617
425|402
V57|V54
V45|272
786|511
427|733
850|511
311|?
556|255
378|250
576|576
518|196
404|424
201|584
648|747
38|286
518|722
362|366
786|?
174|599
507|486
466|788
571|575
401|332
681|41
486|517
V85|785
784|V12
255|304
162|733
140|787
425|272
790|794
715|244
250.02|641
42|263
250.03|E880
189|250.4
682|731
342|250.6
997|780
196|38
585|442
574|202
311|V15
784|427
426|305
496|411
424|411
402|250.6
250.6|250.41
789|276
599|789
V12|305
250.02|402
295|537
287|250.02
250|786
998|617
997|250
214|305
455|211
826|250.6
416|394
172|571
787|787
577|560
491|272
556|8
?|V45
578|790
535|403
162|216
794|786
332|437
V63|250
595|250.01
305|244
486|344
455|250
357|599
250.92|458
584|296
293|?
578|496
719|V58
812|250
530|250.6
682|727
413|723
348|584
786|996
802|427
564|276
41|558
250|403
250.01|251
794|426
599|333
521|427
812|E849
70|276
V58|289
927|250
584|491
780|464
198|585
446|250
E888|564
250.92|427
707|533
280|E880
276|197
348|296
V49|707
414|435
250.4|?
255|496
280|250.02
696|275
403|441
403|V12
564|V18
413|293
344|401
404|414
250.52|244
584|577
112|466
397|414
276|461
427|331
786|796
428|438
511|112
112|250.01
250.92|E931
E932|276
728|599
117|305
250.01|285
515|500
250.43|403
345|493
250.03|724
780|332
V85|466
996|867
276|627
511|532
599|412
162|305
507|348
707|934
682|250.41
188|199
425|782
332|493
562|583
V63|438
196|255
934|401
250.41|585
250.01|664
428|789
250.02|642
401|266
428|722
403|795
453|707
535|786
812|E880
681|250.7
787|403
799|493
850|952
293|401
571|E885
595|V85
276|881
785|275
996|595
212|250
453|E927
493|585
301|300
723|781
427|244
487|276
578|340
V42|420
203|584
590|595
441|593
424|584
250|727
783|250
518|558
486|413
557|518
250.82|568
788|250.02
585|112
286|296
255|244
584|411
998|426
424|403
714|250
250.02|738
437|331
458|458
577|582
250.82|997
414|733
414|V10
788|601
785|250.81
496|E931
285|733
562|455
263|250.03
250.02|E905
789|571
337|428
38|203
584|319
V66|250.02
279|311
704|?
585|378
790|790
414|535
493|413
427|440
590|790
340|617
584|286
577|304
518|574
599|V43
38|348
486|787
833|842
197|997
560|E885
486|569
577|272
585|242
556|571
682|710
285|411
E884|780
263|780
428|70
287|403
496|V42
607|250
276|340
435|446
250.52|496
295|293
845|496
518|112
E878|414
196|197
599|V54
780|782
250.01|426
250|847
263|154
112|437
V85|493
403|569
480|401
581|250.4
196|198
185|250
428|501
433|79
575|789
707|V85
238|780
42|272
682|154
789|424
596|428
276|490
352|493
458|285
573|789
491|196
626|278
567|789
403|411
312|401
354|250.6
250.83|780
428|813
784|728
710|714
440|429
286|362
516|515
577|250.8
788|598
728|786
790|250.02
590|438
481|202
295|250.6
203|585
444|337
250.01|724
303|731
493|252
491|250.8
276|568
524|584
250.52|276
424|435
584|784
728|287
577|403
433|?
280|411
434|414
34|414
311|970
870|810
E881|305
584|327
599|799
682|593
404|425
340|599
130|780
780|E888
415|428
403|416
250.01|715
785|250.82
V85|416
560|250.01
250.13|250.6
428|577
403|284
272|575
786|784
250.01|V27
995|428
786|250.9
294|285
428|197
492|401
948|E894
575|250.8
403|298
250.01|E885
710|41
279|250.02
303|456
491|162
411|250.92
344|41
307|250
250.02|443
280|599
782|250.02
332|722
250.6|440
250.01|501
337|357
807|414
156|255
V45|790
567|790
V45|V45
250.02|V43
424|530
723|V42
117|?
413|305
710|707
807|873
285|V43
411|707
599|564
602|596
482|491
786|276
154|218
250.02|200
250.03|519
135|428
682|294
331|780
601|596
785|151
337|728
278|593
682|715
404|250
411|V15
250.8|E939
403|583
648|647
202|284
718|718
738|737
599|785
516|410
402|416
250.41|583
V63|425
250.9|649
996|453
625|346
V43|280
652|656
199|250
590|564
792|401
486|733
331|518
425|396
112|34
303|494
438|723
428|429
784|342
493|511
577|518
456|280
584|272
782|250.22
250.02|799
42|112
V85|305
594|493
586|530
198|250.02
491|564
250.01|V54
578|273
157|250
999|916
276|357
354|959
414|493
707|305
790|276
424|311
535|291
453|553
278|250.6
E931|789
453|403
413|211
250.7|250.42
807|401
465|V15
851|585
424|802
250.5|250.6
41|289
402|477
345|438
562|535
440|38
780|584
820|715
283|564
621|496
491|593
427|507
157|403
250.42|414
403|198
780|785
911|916
995|682
397|424
434|276
728|V85
250.8|730
285|V54
648|641
250.42|453
682|996
577|305
836|424
394|305
560|790
253|401
238|250
295|599
496|53
276|574
444|511
250.01|648
707|823
780|285
250.8|473
584|E942
414|782
584|434
357|337
250.12|401
218|401
920|202
492|303
250.82|397
162|396
585|E930
305|412
413|E884
250|607
250.01|998
599|346
403|786
411|343
V15|305
151|287
250|585
485|428
458|V58
414|788
600|250.6
386|250
518|304
722|596
599|E817
730|999
401|300
340|710
562|558
285|564
E888|250.6
280|618
728|438
332|562
403|252
305|V10
E817|305
591|560
599|272
V85|285
413|780
295|535
401|512
250.2|584
250.01|E887
263|294
715|300
250.13|272
250.6|586
425|228
788|294
786|278
788|600
435|386
162|285
242|599
E885|414
560|562
558|569
680|680
569|496
428|250.5
286|427
280|E888
203|593
997|738
682|722
250.03|272
311|300
496|473
401|716
781|996
585|438
428|591
428|782
348|403
470|305
599|570
424|E888
722|599
403|V49
413|584
493|461
342|440
415|157
250.13|252
590|344
584|519
820|250.02
783|742
648|652
440|285
411|511
368|781
402|599
250|185
197|576
707|301
787|784
787|781
789|E934
789|496
787|276
996|E879
250.12|38
327|250.6
344|336
197|403
585|9
496|94
V85|276
577|112
276|225
250.53|362
719|V54
584|458
307|305
780|412
794|414
250.01|578
401|696
424|785
562|531
575|38
584|786
557|569
250.93|730
233|250
491|202
813|998
593|V58
432|486
413|729
578|807
250.03|492
162|276
453|239
401|535
599|E885
250.83|536
250.52|250.6
733|722
402|276
456|303
276|250.12
585|453
415|416
411|280
728|401
428|928
682|250.82
780|453
719|924
198|511
?|425
172|414
491|530
296|427
491|707
511|202
997|682
305|438
438|736
585|536
196|518
518|453
626|256
401|425
250.92|780
250.6|788
300|272
733|486
272|593
578|786
578|295
196|553
716|250.6
564|300
434|351
486|303
277|250
413|491
287|250.01
648|656
585|562
281|909
789|535
998|707
428|453
285|458
276|557
250.6|486
707|736
348|427
434|515
278|493
250|571
294|?
38|250.03
868|958
486|784
305|425
738|724
491|515
428|250.82
427|E950
250.82|491
285|332
250.02|312
280|626
368|250
276|594
511|599
518|272
425|787
574|303
427|715
591|564
428|446
V63|427
512|591
250.02|201
303|305
291|291
340|344
250|438
462|593
250.02|715
424|920
783|294
278|?
276|38
250.82|518
414|250.01
152|707
250.82|413
789|783
707|287
410|424
305|V08
278|790
250.81|780
427|272
191|780
996|410
250.02|692
287|493
428|459
614|218
303|584
202|V12
250.02|331
571|424
V85|263
461|250
712|715
218|218
493|787
294|225
300|300
276|708
250|536
428|812
707|486
466|V43
250.22|599
493|578
459|272
V72|616
397|402
250.01|682
453|185
250.8|438
511|997
815|E812
558|785
250.8|V45
250.01|537
250.8|278
423|272
112|756
410|434
574|737
V63|578
V70|433
788|593
600|V15
590|250.03
276|726
401|V62
402|V10
272|278
428|E818
599|733
272|616
682|486
618|218
682|35
305|410
860|250
250.02|205
787|211
518|286
707|784
382|380
305|786
590|403
540|518
604|250.02
805|253
250.01|654
599|487
250.01|280
427|461
518|425
790|530
414|571
578|428
569|785
403|E849
801|496
250.82|718
250.8|731
296|309
348|332
707|274
311|244
V45|V65
648|345
571|496
723|401
552|278
E878|276
682|263
410|490
518|250.52
303|250.02
789|786
275|?
250.12|410
427|573
453|511
461|787
38|426
593|518
V43|414
250.03|648
V58|V13
404|272
486|286
459|41
183|197
998|250.41
E812|E849
263|E939
204|79
276|250.43
705|250
995|995
881|E885
724|338
487|272
799|736
414|715
997|282
193|245
427|295
577|496
250.83|?
250.5|V54
153|728
250|569
578|585
577|250.02
295|491
682|250.7
426|285
511|493
276|511
427|709
203|284
250|600
255|424
250.01|535
410|250.82
599|V63
536|?
530|250.02
590|V58
427|787
707|E878
342|437
280|332
491|790
424|250.4
496|728
296|301
250.6|596
401|V16
584|250.7
585|788
401|345
428|V57
921|250
414|V64
792|531
712|250
491|396
250.03|593
357|250.52
197|707
799|327
648|250.91
591|584
706|401
584|426
496|311
507|435
276|273
278|414
490|E849
280|707
453|V58
250.02|V12
411|250.03
348|V66
729|424
428|578
424|730
584|151
996|786
292|E939
282|V10
E919|354
250.01|110
780|426
486|197
755|250
285|722
E870|414
486|162
70|428
792|780
518|998
333|401
518|294
590|41
790|490
781|V43
733|208
599|299
433|507
411|284
721|276
V62|305
599|432
305|577
780|413
250.9|656
284|584
581|780
435|433
440|785
427|290
595|V58
277|482
255|571
530|790
558|250.01
507|560
682|228
536|599
493|710
707|444
197|413
162|?
427|V64
570|250
789|425
535|357
305|599
532|250.6
250.02|348
202|?
416|250
250|807
250.12|403
574|V62
784|244
305|782
250.01|787
278|617
780|E944
536|401
719|285
995|577
293|600
515|501
577|536
518|590
198|192
E878|250.7
436|710
250.11|303
V62|338
496|486
276|255
411|250.41
997|250.4
276|570
205|729
511|275
496|250.82
601|E934
383|382
309|412
304|536
250.5|337
250.02|810
599|458
309|V61
411|396
296|244
276|279
277|577
729|354
424|199
626|250
E888|428
413|337
414|682
331|41
789|287
E932|599
53|250.6
250.5|414
802|E816
296|303
625|272
599|250.01
959|873
560|289
507|424
250.7|440
850|845
560|202
189|428
784|345
70|599
585|E942
571|286
648|654
303|342
331|357
573|571
466|493
250.02|705
567|V15
41|458
276|797
584|V42
272|564
511|535
780|424
250.92|705
293|287
305|287
415|560
728|403
250.03|999
574|414
427|252
E935|250
428|E929
805|250
435|442
438|V57
250.02|794
250.41|707
805|733
518|447
599|250.82
592|340
280|715
V42|536
711|453
536|357
576|574
427|238
276|465
731|250.6
285|574
220|793
250.6|518
280|235
998|780
E849|780
38|250.1
304|507
250.02|117
785|730
556|196
493|707
288|250.02
427|435
305|593
204|250
722|280
295|625
276|V18
250.01|646
250.52|357
648|250.02
710|285
250.11|511
719|496
414|410
335|E932
331|250
368|401
411|250.51
410|396
536|V58
440|V45
511|411
309|309
511|490
290|332
560|305
802|800
996|280
112|496
280|403
295|794
300|290
722|996
250.02|434
427|E879
429|278
410|416
574|291
583|276
682|295
493|714
581|404
349|112
182|414
799|560
410|263
403|V85
398|599
592|427
296|250.6
205|414
515|414
584|997
576|112
486|880
295|357
737|414
250.02|438
515|V46
E888|427
250|789
276|110
153|493
250.01|201
428|435
552|403
304|357
593|596
511|415
682|305
305|70
710|250.02
433|782
53|E884
434|780
41|402
428|807
507|V62
511|280
250.03|289
276|V11
722|403
789|780
446|496
303|304
531|414
496|303
536|263
518|708
891|E818
518|799
575|682
824|845
518|V12
357|682
486|287
426|272
426|780
492|428
491|585
135|722
707|715
577|250
578|285
564|564
V42|V44
8|780
574|250.6
511|414
250.43|404
403|682
536|403
250.7|250.41
414|724
578|250.01
681|727
458|780
E932|401
250.6|719
724|720
428|514
287|714
V58|569
512|998
432|250.5
998|618
250.22|204
520|623
278|250.52
276|592
456|305
564|V58
250.03|276
250.01|553
519|401
482|255
278|428
V70|276
250|338
813|41
40|403
V42|427
560|272
741|719
806|584
648|250.83
285|455
415|250.02
522|401
294|426
656|250
995|38
373|250
847|250
785|250.42
535|301
780|304
250.2|599
278|54
135|276
682|410
786|704
276|433
415|558
V42|780
250|242
564|780
714|790
493|443
250.02|593
342|414
292|998
284|136
250.83|V42
692|250
295|444
427|397
307|306
285|486
285|491
707|250.81
996|V58
276|386
41|403
276|240
462|319
401|V43
799|515
401|242
433|722
250.43|581
492|441
599|446
458|272
807|861
401|438
305|403
788|790
250.03|493
284|578
V49|250.8
250.02|303
373|305
154|284
428|E944
466|250.5
496|E884
401|428
569|280
820|401
272|493
599|304
300|780
204|54
112|250
550|V49
728|402
428|332
250.93|780
276|805
427|E942
250.92|266
250.41|70
174|511
424|681
340|511
277|250.6
303|287
591|997
162|244
427|185
496|?
799|250.52
250.01|620
287|824
578|569
250.7|998
427|327
789|414
294|969
518|402
250.02|440
998|442
572|276
244|530
E878|786
780|486
250.02|733
250.92|786
428|303
250.6|303
789|456
292|303
208|496
E932|465
518|411
202|780
272|305
348|285
455|401
250.6|?
189|199
428|434
305|311
401|443
E942|424
470|478
578|287
578|694
567|496
518|E938
599|V15
438|41
342|V12
577|287
850|250.01
995|511
427|873
342|780
410|433
496|578
427|203
707|728
515|250.02
429|425
276|969
496|459
185|601
511|458
250.01|54
572|285
250.1|401
425|278
401|185
197|250.52
585|250.43
787|424
365|361
481|250.6
719|780
537|577
295|923
V10|V45
276|555
438|403
V45|995
413|593
?|250.02
276|42
515|250.6
396|331
584|275
808|138
38|415
425|280
530|250.51
799|402
444|403
850|852
V45|729
V42|518
707|799
E849|562
571|458
250.1|278
401|486
568|V55
250.11|558
585|413
825|E812
599|311
E928|E849
511|244
998|786
295|414
276|873
802|E849
V10|272
784|250.8
518|255
304|250.02
V72|427
808|280
244|414
785|425
305|295
996|682
724|724
799|288
805|426
486|V10
599|250.42
424|729
8|996
348|293
481|204
411|V14
304|276
348|305
473|401
9|996
296|E950
428|923
211|401
V42|441
493|569
571|962
293|303
592|592
274|707
E935|274
401|250.9
458|380
250.6|244
276|591
250.52|518
584|591
327|300
250.03|274
567|276
410|V45
584|293
784|E942
295|707
599|V12
518|305
70|787
998|E849
276|E884
681|401
V09|250.8
70|577
515|707
286|571
729|459
285|V10
599|270
344|138
38|451
250|347
E888|V10
515|491
458|301
293|585
453|462
581|250.5
682|491
203|401
?|346
305|491
V54|922
493|724
280|331
995|327
533|414
397|398
593|726
427|577
413|721
431|401
995|733
250.51|614
608|788
437|530
250.92|948
452|573
250.13|998
250.12|278
276|162
280|V13
70|287
V58|276
112|250.13
403|715
746|272
217|401
250|478
415|722
596|250
V15|274
780|288
435|511
584|303
253|276
112|458
486|562
571|305
530|211
789|790
681|681
486|284
E935|197
201|493
998|458
250.01|729
648|250.12
403|591
584|592
250.32|496
250.01|301
117|401
723|250.1
272|244
403|250.82
314|?
295|335
425|574
428|203
745|250.4
E905|250
285|412
682|296
250.22|584
280|261
491|307
309|305
8|275
733|278
V45|278
250.02|300
591|596
573|280
680|414
197|585
733|285
309|401
287|443
518|578
787|873
577|599
277|285
233|403
320|202
722|789
496|135
344|907
70|433
593|433
E868|250
112|995
427|E849
430|396
285|780
196|V10
437|V12
788|263
250.13|?
427|E888
250.01|881
576|197
250.1|244
276|153
250.01|656
378|368
427|138
282|412
411|787
486|997
305|562
202|285
250.02|592
250.02|V66
153|997
794|794
41|211
300|?
E947|496
304|280
V42|997
294|790
453|591
162|493
266|250
997|250.82
466|780
599|250.1
444|805
996|753
410|997
425|728
730|428
203|794
70|789
V65|250.8
428|357
491|303
617|626
250.02|8
V85|461
303|296
553|V85
453|197
578|280
780|342
575|787
250.02|908
591|590
998|250.01
786|280
577|692
733|724
413|41
428|E878
250.01|396
788|295
70|518
578|242
577|357
493|278
425|562
492|410
728|244
786|331
163|284
295|799
788|783
285|278
276|443
518|728
327|V15
411|250.81
250.02|293
292|295
496|842
403|562
599|293
403|394
250|654
781|799
286|701
577|787
493|V10
252|593
571|585
250.92|278
496|620
413|135
427|722
411|404
70|493
493|564
575|496
518|197
710|424
402|780
486|345
41|250.7
E935|E849
995|250.42
789|?
203|428
584|558
585|786
272|331
250.4|V58
296|313
577|577
560|427
574|578
729|722
278|682
250.52|427
276|378
250.01|915
920|E888
455|272
996|272
788|496
816|922
574|574
401|465
424|250.52
782|E932
730|788
530|707
486|710
728|719
346|?
305|278
284|135
584|348
440|250.01
250.03|282
198|157
480|787
401|781
599|997
491|278
575|997
V85|465
788|204
346|311
291|365
218|620
263|923
707|466
285|294
585|714
852|E880
790|401
362|402
287|41
486|304
788|585
510|446
293|250.01
781|427
309|301
276|696
150|458
593|331
E849|E935
250|465
578|401
496|562
70|790
276|250.31
495|453
430|340
836|E928
348|425
41|790
303|440
433|424
250|332
787|389
250.8|345
434|715
996|440
V42|424
682|250.42
V85|402
451|401
295|780
435|?
424|E880
599|594
599|426
518|437
569|428
285|?
752|?
434|401
250.02|696
575|285
403|681
250|357
V85|250.02
280|440
250|V85
262|276
250.81|416
493|626
611|786
41|348
481|276
276|V64
427|412
E888|780
560|787
576|562
496|799
424|244
599|337
250.13|41
860|285
276|E932
729|780
250.41|276
437|785
197|151
348|331
584|112
728|729
250.92|493
805|E888
403|788
496|E885
434|378
250|V17
250.81|41
428|867
428|711
V58|305
250.02|E944
726|250
205|428
250.02|956
799|698
730|425
303|788
250|298
276|274
198|788
250.02|E884
280|412
860|861
411|V58
411|292
425|831
813|?
305|492
648|402
?|250.6
618|625
696|401
112|70
346|424
276|V44
515|996
250.52|491
719|905
710|736
427|E885
511|196
250.53|287
576|784
396|404
711|250.5
250.51|362
150|496
453|415
287|573
250.92|285
427|570
724|332
285|718
151|401
411|453
428|250.52
280|518
591|V44
398|285
789|794
244|427
38|250.7
428|205
V15|V12
424|E849
250.12|295
444|496
296|?
496|275
278|296
726|250.41
443|250.6
150|V55
786|491
481|428
574|530
707|998
584|250.51
560|311
784|E949
593|780
305|530
423|511
285|355
?|591
786|211
280|424
807|E888
301|724
435|719
276|34
707|?
284|286
808|807
304|304
250.8|492
305|291
426|70
781|784
250|309
E821|250
574|425
250|578
198|414
607|607
286|789
250.01|707
250.11|305
415|783
250.92|V15
285|285
648|664
425|492
780|153
E878|41
598|285
486|250.8
595|401
38|404
V10|733
590|414
337|780
41|250.02
198|403
794|305
535|340
428|883
567|V64
788|250.12
410|707
558|327
410|786
196|788
581|414
799|781
486|410
276|384
426|998
296|V09
996|482
141|401
V45|244
V08|250
286|719
250.83|646
719|721
593|250.6
601|401
536|789
577|790
496|437
682|293
591|433
807|E885
304|250.6
V54|V54
511|788
592|276
599|135
530|414
250.03|654
250.02|616
574|250.92
425|514
560|486
424|492
70|403
296|239
753|401
575|272
781|414
780|729
785|518
414|536
425|112
197|560
421|403
79|287
250.12|535
138|401
V45|?
425|V58
599|710
552|250
717|401
465|414
309|414
201|E930
496|710
401|733
424|340
924|250
250.52|342
571|E933
493|721
486|494
436|342
250.6|427
280|625
378|V45
670|642
342|599
278|V85
70|413
V42|785
786|785
250.52|280
707|376
155|532
284|428
274|682
420|402
244|274
881|?
799|183
424|E878
584|38
996|405
340|812
204|813
820|823
707|595
532|783
250|426
661|V27
478|250
203|E947
342|733
496|783
250.6|723
433|786
577|303
427|595
250.8|?
996|V12
780|572
294|365
438|287
70|724
272|786
453|799
444|250.81
438|491
332|799
424|595
153|V10
552|427
415|312
112|780
517|532
250.01|443
250.6|V54
285|716
110|319
276|E826
593|276
357|285
995|466
440|208
496|250.7
862|805
295|562
805|599
424|786
424|593
287|285
490|?
781|250.6
276|480
V54|496
972|E858
202|428
585|478
413|477
E849|285
741|599
174|198
255|179
821|824
443|414
154|V44
250.43|250.53
41|784
250.03|784
785|424
202|403
493|331
491|253
780|E947
782|780
444|V42
372|?
438|590
784|V15
787|786
586|782
250.92|600
599|196
585|443
286|280
136|428
584|V43
E854|414
250.02|716
E879|250
E885|401
53|780
812|V85
411|682
425|404
428|866
567|574
305|560
790|486
250.01|591
197|250.01
996|711
453|584
836|250
491|793
411|433
285|537
427|729
285|250.03
447|414
571|511
576|276
427|788
511|285
131|278
512|413
537|571
600|V45
787|402
682|413
599|344
788|560
923|570
362|250.52
781|250.01
788|53
428|921
595|585
917|599
396|410
566|250.02
599|434
342|V85
282|250
242|786
198|782
786|490
284|204
332|331
574|577
599|E816
289|518
314|301
250.03|342
426|486
349|285
185|285
250.7|785
446|518
411|294
536|250.02
458|433
38|496
682|38
410|507
782|250.6
V45|438
272|465
428|319
707|892
250.03|535
238|284
402|201
997|807
786|411
196|569
462|?
786|197
577|595
197|491
410|493
576|532
8|V12
300|496
805|260
276|552
250|867
432|780
404|781
250.1|123
205|250.02
428|V42
275|788
305|402
280|553
785|250.4
280|562
V62|V15
373|V08
444|305
348|428
250.02|574
403|784
786|V15
424|535
284|599
496|331
250.11|487
250.01|304
410|285
496|531
511|E878
491|511
522|274
250.13|473
789|250.02
299|250.1
310|250
151|560
999|410
482|250.02
427|V43
340|729
435|E947
250.02|284
784|294
865|805
E932|290
518|786
E888|403
424|394
496|301
453|?
433|V58
729|429
242|250.52
518|707
250.6|294
585|250.42
250.53|659
276|333
453|922
357|369
287|E933
569|285
277|446
780|727
620|401
196|428
414|250.82
112|482
569|998
719|729
820|862
542|250
42|711
305|998
511|300
518|E888
277|250.01
786|162
303|244
294|991
591|567
891|250
780|368
789|70
244|272
530|305
204|285
250.01|307
403|E885
913|401
473|782
433|250.81
511|807
410|V12
112|197
790|250.7
287|821
799|344
852|599
511|394
599|336
446|790
433|294
200|276
255|276
812|401
E942|285
252|278
780|191
780|411
680|709
585|722
427|478
585|530
491|682
403|396
250.02|465
180|401
570|276
574|404
276|V49
70|250.02
348|202
41|604
162|555
202|427
354|355
276|996
788|412
E932|E849
786|V62
599|203
584|284
493|530
V42|272
285|V15
397|584
197|402
789|584
581|305
403|250.03
496|E822
466|276
491|411
300|301
41|8
424|389
112|79
714|311
424|532
272|294
707|27
196|453
E930|465
560|197
153|428
995|380
707|275
285|413
V63|414
V42|250.02
558|250.6
590|584
428|696
E950|E950
923|E880
433|V45
V63|401
781|724
574|997
285|273
560|564
250.6|369
866|861
157|496
V43|V45
293|242
250|810
478|401
401|424
665|642
492|790
998|294
138|250.6
997|E849
280|305
285|813
611|276
728|424
481|250.13
682|567
276|796
276|17
496|625
401|627
426|458
402|788
922|924
280|998
491|423
250.02|410
301|401
250.01|V45
290|250
426|V58
250.6|305
995|250
599|836
567|401
590|996
348|907
682|250.81
223|486
250|410
920|E812
999|348
555|250
707|695
518|250.7
813|824
344|E928
250.03|211
595|250
790|571
682|786
893|345
428|531
250.7|V49
997|787
789|572
79|280
293|309
782|493
496|571
414|V58
403|295
799|486
425|250.6
456|428
532|531
599|518
424|562
711|250
780|250.01
V10|244
8|443
996|424
812|305
305|309
285|784
493|?
427|410
185|275
250.03|428
252|227
515|424
162|331
202|522
429|416
V42|707
784|E935
403|94
492|250.93
728|496
250.02|531
285|208
294|781
428|922
576|295
496|204
E884|285
584|600
564|V45
280|V14
440|424
285|533
250.02|459
421|996
787|305
285|820
511|486
491|458
275|303
780|309
415|486
453|402
682|250.8
574|599
250.6|585
238|287
535|427
204|593
996|263
397|511
721|724
478|591
724|737
492|413
681|V58
414|239
997|410
276|356
295|296
727|727
807|427
447|440
428|201
998|218
274|401
518|358
530|278
V42|425
585|E888
812|?
799|434
282|458
E950|780
435|437
V43|427
250|794
296|707
511|278
E888|250.02
250.02|304
250|722
79|493
V86|780
785|V58
491|581
487|401
428|920
280|E947
293|558
250.01|344
573|276
562|285
411|244
491|466
558|599
425|397
722|722
585|396
558|722
E878|285
785|410
38|507
435|290
304|996
807|845
413|708
293|V43
410|996
785|584
250.11|250.41
250.92|424
414|296
41|E929
552|295
441|427
280|E932
682|530
560|584
711|250.03
196|287
780|343
742|427
511|250.01
304|723
718|250
304|401
707|571
780|995
518|E880
250.02|573
250.02|514
324|427
426|250.01
799|410
357|300
789|433
789|V42
250.6|696
358|585
E858|294
707|808
584|562
995|250.82
402|425
278|724
786|402
403|459
E888|719
707|V02
707|491
496|294
191|599
493|204
571|244
413|515
411|557
482|482
424|482
560|493
465|250.8
428|335
572|112
569|568
E938|327
198|599
112|294
518|785
250.02|782
288|780
996|745
V63|250.52
569|710
642|V65
618|250
276|573
276|V12
496|515
403|286
997|340
250|873
285|281
584|250.43
571|250.8
272|185
788|781
V63|785
41|255
290|276
416|425
698|E946
564|401
331|401
289|250.8
258|255
V17|305
357|V58
730|V85
403|293
427|349
569|455
397|276
782|286
535|V45
200|780
?|427
292|333
707|272
496|242
599|924
813|427
496|813
707|362
453|286
451|250.43
530|427
784|433
403|710
747|424
263|112
250.81|8
599|E880
599|242
487|295
789|568
E883|272
266|396
722|427
403|287
278|403
135|425
203|70
734|250
250.4|787
E812|401
532|280
590|401
562|995
162|189
345|401
250.41|581
553|568
460|785
710|425
E939|276
997|442
250.5|365.44
348|707
512|401
780|790
40|707
996|578
807|923
557|560
780|135
380|414
196|997
820|780
135|278
780|310
287|682
218|614
276|283
724|250.6
414|585
255|733
295|250.12
153|E878
585|455
707|250.2
537|V16
493|590
250.01|202
536|305
154|780
V10|785
?|496
250.52|401
250.6|491
401|787
E916|E849
151|453
112|578
70|295
728|427
276|705
396|416
288|E947
730|41
250.7|518
733|568
V85|458
250.83|276
414|786
780|831
112|112
511|157
486|250.82
486|V45
396|250.7
493|250.92
411|530
250|343
155|571
272|250.5
599|725
569|562
250.92|211
?|278
428|202
465|250.02
250.01|397
402|411
198|507
491|447
295|V49
571|250.01
707|789
435|250.6
496|V10
496|455
611|250
295|518
805|250.6
490|780
416|427
997|41
425|784
781|250.82
404|707
867|427
112|295
599|715
707|425
428|506
250.11|?
493|327
789|621
788|285
291|250
8|V15
443|V58
250.01|423
414|338
427|716
573|250.01
276|V85
410|208
403|847
496|282
197|414
496|174
41|593
250.03|309
428|E932
573|599
198|512
585|155
453|491
486|278
414|294
272|787
287|426
745|227
627|250.6
285|250.8
285|785
70|496
496|404
511|V10
881|919
780|394
453|453
250.92|799
E885|285
780|435
721|428
491|519
789|163
416|574
780|244
8|?
473|250.4
707|311
V62|296
997|436
997|426
38|250.41
348|276
413|V15
585|531
424|521
41|?
736|401
722|285
852|851
487|585
599|V60
518|611
295|300
560|42
296|780
599|E947
567|250.01
493|300
824|E881
7|7
444|401
38|278
424|519
808|403
202|516
250.92|V65
205|401
V58|V45
261|805
441|780
435|285
780|478
997|794
276|292
296|971
785|560
270|414
242|V54
873|824
786|38
533|250
451|427
805|403
V49|427
424|287
486|785
276|V54
780|E932
285|477
784|787
70|348
291|41
250|110
8|507
724|787
403|433
444|682
435|276
682|356
278|250.12
250.13|425
70|585
424|441
403|727
250.02|112
284|403
659|426
564|E935
722|724
780|433
578|571
466|518
208|414
789|272
V85|244
560|585
414|521
V42|511
189|285
786|V85
402|273
292|435
891|E849
823|959
E888|414
250.8|536
491|280
491|197
V63|780
E849|E966
599|601
402|496
427|512
707|825
E931|414
787|E931
397|272
519|428
785|180
276|435
511|453
263|250.02
427|53
376|250
448|401
432|428
V63|682
8|285
287|515
820|250.01
41|250.6
250.12|996
138|E885
196|599
428|275
250.01|440
413|250.41
285|250.52
155|491
584|300
810|812
584|435
290|428
250|112
401|490
276|304
576|157
378|414
585|451
785|303
786|530
250.01|515
V58|278
576|573
555|250.02
996|V43
V10|V43
353|433
608|782
285|70
327|414
250.01|658
414|250.8
284|518
204|427
873|E819
493|584
517|515
584|601
599|250.03
250.02|V53
38|250.52
323|278
572|287
728|348
250.03|707
707|619
458|305
305|292
294|437
707|250.4
E880|401
826|E916
304|883
733|250.7
592|250.02
746|427
E885|496
516|53
295|250.01
584|482
496|410
584|536
415|492
250.6|250.83
425|996
292|428
300|V63
401|241
311|346
998|585
552|428
250.03|425
996|305
599|397
196|786
250.22|428
250|342
440|8
710|716
426|518
250.6|917
444|453
552|?
521|401
284|287
788|427
308|250
345|277
345|530
250|521
294|250.6
493|726
616|625
794|?
288|437
557|278
E885|286
572|425
135|377
70|455
250.6|681
253|250
E933|183
799|396
285|E816
285|398
250.02|723
707|348
428|238
70|?
491|507
351|250
290|682
595|780
403|290
401|V86
242|627
591|599
707|413
585|412
E888|362
511|250.6
250.53|424
530|338
845|428
733|564
V58|593
750|414
997|453
710|599
537|511
214|716
280|996
453|455
280|466
995|707
575|599
530|780
295|41
517|333
250.03|518
70|303
486|250.9
440|412
250.82|250.42
585|514
434|799
276|840
398|402
250.6|722
427|E932
369|?
996|721
280|250.42
596|584
E935|428
276|266
250|368
805|496
780|V85
250.6|724
403|244
198|189
530|285
298|305
427|800
E878|724
250.2|745
198|E932
584|493
250|782
590|280
496|E928
202|V46
512|428
728|250
511|162
425|785
707|733
V42|288
553|427
250.2|453
197|789
996|452
883|250
E879|401
E888|424
553|789
780|331
560|E849
250.6|295
413|591
852|873
250.03|511
272|V43
285|440
486|426
496|E880
192|401
250.92|428
250.53|V42
V15|414
250.92|599
E888|836
595|618
491|287
564|250.8
429|428
296|530
599|681
348|401
348|414
E888|276
873|923
799|785
276|79
53|250.5
560|211
V45|V43
410|511
V42|250.92
438|410
493|799
998|288
E858|790
411|V85
276|567
599|201
394|250.92
420|162
276|410
530|530
518|996
681|250.6
250.83|285
570|511
197|V66
295|V08
729|782
576|782
625|998
250|V86
41|279
491|403
444|442
8|250.8
571|571
250.43|584
433|492
157|780
784|784
E885|491
996|486
577|250.6
573|710
780|710
427|576
280|E849
403|162
780|301
415|401
250.01|518
444|958
786|721
693|E942
711|250.6
493|416
535|211
492|V49
263|290
346|780
905|905
V46|305
255|V58
E935|276
250.81|?
314|278
789|303
733|414
196|289
516|723
594|250
V58|112
729|276
785|300
250.81|286
351|351
428|297
808|E888
250.5|250.8
825|E849
481|585
250.01|781
276|259
428|253
250|575
289|287
466|250.02
287|570
424|300
576|793
780|E854
414|491
250.6|278
285|255
599|459
E879|112
781|331
996|905
413|438
709|782
250.51|426
592|414
782|511
444|250.02
786|V43
785|423
250|397
730|E930
481|482
574|V64
276|54
285|E956
276|693
250.93|648
443|491
910|E880
287|355
276|293
557|428
250|685
348|995
416|402
788|604
8|362
519|305
458|250.6
780|250.82
413|255
997|285
202|250.8
788|433
714|V58
568|285
496|227
785|278
586|427
707|593
812|285
38|682
323|41
424|715
340|428
507|250.41
250.1|276
518|162
491|726
427|70
425|425
V58|V43
808|808
410|250.6
428|507
724|185
369|493
38|428
496|150
110|41
574|575
571|780
295|112
311|309
789|8
336|401
530|536
250.01|354
292|250.4
411|535
285|585
728|250.92
285|492
8|458
250|266
788|788
585|E879
571|185
255|518
996|730
481|250.92
425|596
707|332
722|V45
250.13|414
736|427
453|203
518|459
486|433
532|427
250.01|490
337|V64
403|570
577|782
250.93|490
204|491
295|786
403|250.43
780|348
250.6|41
411|288
305|443
596|403
466|250.6
250.02|307
491|785
789|183
280|369
560|285
250.42|496
493|V54
E935|250.4
733|332
E814|E849
250.02|110
423|416
54|402
518|868
756|401
260|416
721|715
782|401
805|920
303|577
305|V18
577|41
710|478
478|787
250.2|431
682|443
496|470
595|250.6
453|202
250.22|531
154|250
873|780
199|496
746|414
432|585
458|530
250|626
576|38
585|491
285|745
781|V45
E927|707
275|414
965|?
V10|788
284|427
792|250
336|344
202|425
282|413
250|441
263|584
869|599
413|787
284|572
787|564
518|619
496|618
203|473
591|788
78|599
998|411
496|E878
250.82|461
494|447
296|305
482|494
112|736
250.01|8
714|427
197|280
600|285
536|577
682|424
250.13|785
288|E933
272|V65
578|486
V45|599
750|553
410|564
453|272
273|276
197|278
864|850
427|274
250.01|298
569|403
284|196
V58|424
191|250
V42|412
437|403
591|648
424|515
263|70
332|V15
368|300
785|530
413|250.4
822|E880
789|781
428|607
553|276
402|412
600|601
250.92|300
250.02|458
578|456
112|305
368|784
453|297
599|368
585|198
389|250
246|401
531|250
434|496
427|437
723|V15
710|250.5
250.42|424
717|726
998|198
707|V42
584|70
250.6|426
272|300
340|518
304|424
244|301
577|997
287|455
428|250.43
453|342
496|386
496|790
250.01|733
507|478
493|519
599|E878
736|276
295|303
574|278
466|197
535|250.6
41|294
260|428
304|722
276|440
428|444
172|250
785|426
585|466
411|V65
250.01|789
300|319
276|586
727|285
250|V72
584|492
292|41
250.03|411
710|517
414|423
584|250.82
518|218
518|337
V43|787
250.8|788
295|428
E885|250.01
E933|197
934|466
E944|785
487|493
V85|412
571|272
250|924
590|585
382|593
396|784
287|411
682|695
738|401
250.23|276
285|714
280|8
344|596
274|427
998|614
153|496
486|250.81
443|272
496|188
424|E930
728|492
331|924
401|331
V49|403
425|E878
425|486
486|535
496|569
556|518
780|312
157|305
138|745
70|155
786|518
728|E932
280|280
428|42
756|276
799|348
444|428
303|569
403|790
162|338
V62|493
197|261
733|305
280|569
486|285
591|70
850|584
250|518
285|782
283|250.01
493|727
E870|250.01
342|425
245|250
560|428
812|E881
292|486
278|276
38|E878
789|416
567|446
V45|530
8|969
600|596
403|309
620|593
305|112
285|E818
403|787
625|305
789|403
E928|733
E885|997
285|787
415|444
567|E878
287|572
412|458
287|562
518|784
296|428
V55|41
558|575
584|287
E878|V10
112|V58
518|V10
496|461
250.02|V27
483|799
781|342
611|414
276|437
496|722
575|576
203|997
250.01|882
349|585
295|585
285|786
969|E950
437|438
197|571
493|802
738|V45
V65|401
433|238
410|277
482|799
578|599
250.13|649
790|585
433|250.7
211|780
530|578
189|276
780|V72
789|288
250.5|250.4
396|997
789|286
500|786
250.11|646
682|250.5
287|486
492|724
707|436
E933|250.01
345|996
411|327
286|562
814|458
592|593
581|511
401|294
331|726
304|724
591|250.02
478|518
301|296
785|728
807|444
601|788
996|250.42
584|203
255|682
968|E855
681|250.8
440|250.92
362|374
428|873
681|443
V43|263
584|466
733|716
298|780
568|553
567|153
790|E932
646|250.02
287|200
285|618
250.01|816
359|401
997|999
305|250.02
785|205
781|715
998|V64
696|250
444|285
117|198
276|466
70|250.6
805|850
41|424
276|V42
263|319
250.81|791
202|511
303|428
780|562
250.02|482
496|727
250.43|V46
584|E930
E937|E884
733|682
577|427
599|208
250.6|825
599|204
250|652
596|41
648|250.81
327|272
27|883
153|250.02
427|298
555|578
594|716
411|203
E900|491
344|340
280|962
428|?
250.6|250.43
218|280
621|618
536|553
569|211
789|578
682|794
117|V42
276|E924
348|411
413|V10
682|262
780|731
250.8|404
427|398
780|596
799|303
250.8|447
250.81|530
280|E935
625|624
294|369
94|285
578|414
682|V85
280|272
250.41|642
294|V42
794|V17
250.92|715
577|780
293|403
789|788
428|274
724|535
255|250.6
428|575
599|252
453|397
515|403
710|496
536|112
285|E849
E849|912
799|112
733|733
789|401
443|294
V85|?
357|332
255|250
427|38
442|799
585|294
41|272
293|280
812|811
276|924
288|196
425|203
698|E942
574|331
349|250.43
599|345
424|998
530|715
998|433
427|263
427|868
482|493
348|250.8
356|402
711|730
411|250.42
422|584
518|618
787|584
V42|440
568|272
295|272
250.01|E888
585|560
575|555
337|710
995|281
426|411
414|599
693|E930
255|301
619|250
784|729
496|250.41
E878|997
861|E819
V64|250.01
112|425
138|496
995|486
680|276
577|585
996|493
437|298
785|?
496|592
519|799
V85|786
427|556
995|590
787|518
492|568
568|414
518|569
434|250
881|296
250.42|707
276|250.81
296|453
428|535
396|398
276|250.23
288|131
491|295
534|567
E936|289
820|276
V42|786
511|491
933|530
261|576
424|433
552|38
465|780
250.01|920
305|518
196|500
518|327
250.03|965
980|?
786|729
293|599
297|250
404|413
799|70
496|415
577|V45
38|414
428|442
786|424
413|298
591|250.03
250.8|E932
429|796
435|784
412|427
295|715
723|276
682|729
250.02|492
38|285
786|438
250.11|319
358|728
V63|428
566|305
780|E935
197|189
?|530
492|782
864|401
424|412
571|V42
573|536
70|V43
578|446
456|403
491|756
413|281
788|424
585|437
V15|473
357|574
287|V10
E881|250
411|242
250.03|882
156|599
693|250
250.01|491
574|492
428|995
242|585
276|205
424|253
618|618
196|242
584|304
402|492
403|253
179|250
536|V15
402|784
453|162
413|511
250.92|665
414|794
453|V42
707|447
276|576
585|V63
V45|V12
648|250.41
584|250.21
295|250.8
440|581
556|496
730|790
413|250.42
286|244
250.81|403
295|V58
244|285
263|304
425|481
250.13|250.43
250|386
V12|278
410|788
807|E849
753|412
112|250.02
716|737
358|244
542|V64
453|820
E939|296
200|250
280|614
41|285
202|204
401|730
8|272
275|401
263|808
285|157
710|70
722|250.01
403|305
41|331
536|276
276|211
482|511
620|458
428|592
584|277
485|599
263|414
250.02|413
79|790
298|250
336|V64
453|305
496|211
79|376
427|436
536|250.41
591|493
401|V42
250.13|782
591|288
E935|424
424|396
905|E929
287|396
576|204
305|250.03
V10|305
434|781
342|530
414|477
724|414
401|E888
789|789
428|311
401|805
112|131
427|196
E878|427
512|250.02
512|162
290|414
780|758
204|577
780|274
70|427
340|584
491|443
285|327
996|300
V10|428
285|112
322|564
88|250
557|562
204|197
250.03|V65
38|584
250|661
276|372
585|250.7
428|94
599|590
403|785
340|298
397|396
322|250
427|812
789|577
574|272
453|285
432|788
486|294
202|593
204|585
250.9|278
340|250.02
425|530
162|112
786|625
250.41|414
153|594
860|401
607|598
284|784
745|250
250.12|205
478|204
276|243
250.92|721
250.6|250.12
642|250.4
556|427
205|276
511|396
530|584
157|280
241|289
459|70
515|433
E850|V15
591|996
831|275
290|596
576|427
401|727
427|725
758|244
338|250
787|438
414|600
433|403
789|585
250.13|112
204|284
490|593
70|411
342|429
280|560
38|999
682|V43
250.92|38
581|584
305|V14
250.42|786
205|786
493|574
427|924
496|512
646|70
414|787
728|250.03
250.6|112
416|327
253|496
440|681
507|250.6
V62|309
785|331
428|198
710|515
V58|412
42|250
443|300
262|574
402|429
802|294
135|536
790|491
486|789
413|285
285|738
427|284
196|533
550|455
285|396
486|138
789|198
304|278
V23|250.01
562|569
427|404
578|250.6
585|263
135|466
276|117
496|E932
8|456
V15|V70
524|250.92
730|593
V53|427
250|V09
396|585
566|276
799|415
426|416
581|162
790|414
572|576
425|153
568|995
518|250.5
250.7|250.52
413|433
426|794
250.11|250.6
42|486
365|564
440|305
577|250.01
E947|E849
V09|401
425|239
451|496
250.51|428
428|787
493|311
285|681
E924|682
599|873
575|288
425|466
787|317
8|574
307|250.6
536|8
205|486
715|V15
V15|112
596|285
250.03|405
295|571
440|443
511|281
996|607
682|581
259|?
198|250.5
250.02|472
401|112
562|V12
404|780
284|250.01
730|276
682|892
345|584
E878|331
575|424
278|599
401|274
433|368
V10|429
250.03|780
440|V44
V58|244
278|519
781|285
401|707
425|250.4
714|278
359|?
250|693
584|456
274|250.9
491|242
456|572
714|250.4
727|414
427|V72
275|252
292|414
250.6|288
403|530
402|426
511|512
535|496
333|780
250.8|782
276|250.22
162|486
796|250
272|536
250.33|584
997|511
250.02|893
550|285
288|682
575|410
599|154
785|V12
197|250.92
599|577
458|558
428|242
491|198
578|574
V42|284
584|722
250.01|784
710|V17
584|999
496|577
357|250.6
E879|293
197|199
808|E885
789|338
288|466
438|290
250.42|428
?|493
492|250.42
780|E878
507|493
287|V42
250|411
512|157
V10|311
728|924
780|362
368|414
301|278
333|250
578|562
242|276
781|496
552|496
V65|278
250.8|294
70|722
322|38
317|343
291|296
42|202
287|295
E885|357
892|E920
280|V43
411|282
285|715
797|250
824|E928
486|564
250.42|581
286|472
583|?
327|466
578|291
250.02|813
569|458
276|736
553|244
496|197
599|253
283|250.02
295|574
492|E922
443|401
623|623
250.01|V18
250.6|642
723|250.02
785|286
250.41|411
474|780
396|V43
296|V12
196|272
820|410
404|V45
519|571
560|411
340|414
507|729
280|621
411|710
403|V42
567|518
574|V10
437|276
714|402
728|E942
785|440
276|E936
996|552
226|275
285|596
305|953
287|590
569|780
189|197
786|794
728|780
342|250.02
157|250.02
731|681
726|716
E849|428
242|681
724|344
788|710
599|600
E881|E849
780|150
E879|141
425|286
558|403
592|404
595|715
997|413
789|250.6
263|265
518|331
571|535
70|584
573|401
250.02|892
724|427
250.02|263
V10|530
813|802
786|453
491|998
518|340
276|250.53
8|250.02
211|280
458|424
564|309
518|397
276|348
287|599
427|250.1
996|492
250.4|519
426|250.6
250.8|780
402|V15
411|515
337|458
599|357
305|200
38|707
578|153
577|428
428|494
250.02|525
789|199
421|427
276|588
553|401
250.01|996
250.12|V65
396|453
196|425
300|564
416|682
8|788
404|786
426|824
415|599
584|532
493|648
493|E849
425|E885
425|586
79|?
296|E849
945|402
41|682
998|599
250.7|276
682|V42
785|263
296|272
250.52|285
215|250
614|568
V45|250.01
530|426
250.03|571
515|V10
805|808
250.81|491
348|790
996|447
250.01|845
396|584
276|E944
278|457
292|401
780|347
250.8|E947
204|283
300|V43
305|564
530|787
342|433
427|745
493|V85
305|250.92
250.83|428
250|V23
998|574
305|294
491|562
401|583
599|291
491|250.03
427|535
162|327
571|291
285|459
440|244
276|733
625|250
E878|E849
295|174
710|305
202|447
250.02|726
284|162
996|250.7
585|733
278|564
317|244
414|V46
730|997
799|411
482|427
807|922
571|493
518|530
250|V42
276|337
746|285
242|426
425|294
585|423
738|722
250.02|296
585|486
785|250.8
810|E888
451|276
598|788
252|427
225|401
428|991
250.02|79
70|8
788|996
250.03|466
V42|244
263|287
527|402
295|411
E849|402
444|459
807|781
250.82|584
250.01|782
511|163
515|402
424|440
411|784
436|427
496|593
290|348
289|V12
780|189
733|727
816|E812
923|278
435|V58
250.02|658
486|291
682|8
787|244
607|V10
566|730
79|V61
620|599
286|414
865|860
276|709
250.03|300
486|289
305|284
250|V60
250.8|433
344|250.53
403|153
493|402
998|593
296|785
311|290
250.8|227
242|518
294|348
491|263
250.92|V10
455|428
411|189
287|437
614|401
396|402
883|883
401|491
411|V42
411|E942
786|V10
786|782
426|410
733|413
424|162
799|530
425|440
438|530
436|997
250.22|424
295|805
285|284
615|276
250.02|686
294|276
250.92|253
789|530
V43|244
492|512
285|162
574|571
519|875
415|427
710|112
286|453
403|211
397|824
250.03|782
250.82|574
196|188
294|995
998|453
355|250
785|486
786|698
414|746
711|599
286|729
595|518
288|733
38|41
920|401
996|V45
466|428
599|726
250.92|682
728|426
396|599
427|250.82
E933|174
E950|300
411|250.43
486|465
410|728
250|462
413|263
786|289
197|V10
600|788
250.02|620
496|862
465|?
203|453
427|444
593|414
397|427
705|401
250.8|531
250.52|411
574|784
276|626
275|309
441|287
518|625
404|250.4
202|414
285|153
575|250.6
562|211
263|401
337|?
250.02|V17
250.02|825
682|280
344|466
250.13|428
250.6|282
599|556
518|824
196|799
338|401
426|362
415|154
289|593
717|717
433|997
402|424
337|427
217|610
924|920
396|290
402|250.5
820|496
496|274
198|721
356|?
340|681
567|348
716|310
E878|V09
574|V42
845|401
789|599
38|272
250.6|781
427|466
536|584
998|459
285|218
E888|283
555|263
840|432
446|511
250.03|440
618|623
426|425
585|785
V58|V49
276|380
473|346
906|250.6
?|V43
V02|V09
493|E880
410|790
490|785
486|189
574|626
788|618
444|443
285|V58
585|405
311|305
250.01|453
730|250.03
250|473
250.7|414
295|275
250.02|256
435|786
584|933
368|780
519|998
250.91|V27
614|V10
402|466
380|780
571|428
492|784
799|?
562|300
332|401
414|238
34|?
649|250
556|414
496|487
599|724
719|41
427|731
586|250
250.92|434
682|204
250|388
486|648
250.41|599
426|V45
342|276
280|?
682|596
287|782
433|496
